1,1,120.52,335.30,137.14,56.99,0.8942,-1,-1,-1
1,2,733.01,268.21,73.30,37.33,0.8863,-1,-1,-1
1,3,224.29,251.96,80.32,39.55,0.6313,-1,-1,-1
1,4,0.11,252.79,21.62,43.68,0.3378,-1,-1,-1
2,1,98.71,337.67,143.57,59.69,0.8943,-1,-1,-1
2,2,722.42,270.09,72.78,37.06,0.8848,-1,-1,-1
2,3,223.81,252.50,78.47,38.62,0.6920,-1,-1,-1
2,4,0.33,253.64,21.37,43.15,0.3513,-1,-1,-1
3,1,79.02,341.89,141.73,58.87,0.8782,-1,-1,-1
3,2,708.98,271.03,75.15,38.28,0.8554,-1,-1,-1
3,3,223.03,252.52,78.87,38.78,0.7396,-1,-1,-1
3,4,0.58,252.01,22.35,45.07,0.4152,-1,-1,-1
4,1,52.98,345.75,145.42,60.41,0.8767,-1,-1,-1
4,2,695.61,273.28,74.37,37.82,0.8587,-1,-1,-1
4,3,222.36,252.93,78.98,38.75,0.6330,-1,-1,-1
5,1,23.94,348.79,151.06,62.77,0.8649,-1,-1,-1
5,2,681.19,275.19,74.78,37.97,0.8197,-1,-1,-1
5,3,220.31,252.84,80.01,39.17,0.6380,-1,-1,-1
6,1,1.02,352.21,153.17,63.71,0.8971,-1,-1,-1
6,2,666.56,277.11,77.72,39.46,0.8591,-1,-1,-1
6,3,218.93,252.90,81.50,39.78,0.6747,-1,-1,-1
7,1,0.00,356.88,139.73,65.10,0.9013,-1,-1,-1
7,2,651.49,279.58,78.44,39.79,0.8553,-1,-1,-1
7,3,218.04,252.93,81.18,39.36,0.7470,-1,-1,-1
8,1,0.00,361.26,126.12,66.06,0.8354,-1,-1,-1
8,2,636.37,280.92,80.86,41.02,0.8749,-1,-1,-1
8,3,216.89,252.73,82.50,39.78,0.7050,-1,-1,-1
9,1,0.00,365.41,104.79,59.91,0.8599,-1,-1,-1
9,2,622.25,283.26,81.03,40.97,0.8649,-1,-1,-1
9,3,215.43,252.80,83.54,40.04,0.6905,-1,-1,-1
10,1,0.00,369.82,85.63,56.07,0.8181,-1,-1,-1
10,2,607.58,285.95,80.55,40.54,0.8669,-1,-1,-1
10,3,213.92,252.71,84.25,40.08,0.7238,-1,-1,-1
11,2,592.29,287.60,82.35,41.26,0.8580,-1,-1,-1
11,3,213.30,253.03,84.70,39.90,0.7318,-1,-1,-1
12,2,577.78,289.51,82.48,41.15,0.6931,-1,-1,-1
12,3,212.15,253.16,85.19,39.72,0.7023,-1,-1,-1
13,2,562.50,290.52,82.23,40.67,0.6646,-1,-1,-1
13,3,211.47,253.28,86.33,39.92,0.7026,-1,-1,-1
14,3,211.51,253.70,86.90,39.81,0.8124,-1,-1,-1
15,2,527.13,294.76,94.83,47.41,0.5440,-1,-1,-1
15,3,211.64,254.03,87.24,39.68,0.8305,-1,-1,-1
16,2,511.87,300.04,90.60,44.92,0.6951,-1,-1,-1
16,3,211.10,254.02,87.96,39.70,0.7803,-1,-1,-1
17,2,495.84,303.45,90.05,44.27,0.6708,-1,-1,-1
17,3,210.44,254.11,88.48,39.69,0.7661,-1,-1,-1
18,2,477.72,305.30,91.37,44.65,0.8185,-1,-1,-1
18,3,209.62,253.72,88.87,39.62,0.7298,-1,-1,-1
19,2,460.56,307.22,95.30,46.41,0.7952,-1,-1,-1
19,3,209.29,253.43,89.78,39.88,0.7793,-1,-1,-1
20,2,439.92,307.98,100.47,49.32,0.8290,-1,-1,-1
20,3,209.58,253.72,89.96,39.76,0.7509,-1,-1,-1
21,2,423.21,310.67,101.49,49.85,0.8616,-1,-1,-1
21,3,209.92,253.73,91.01,40.01,0.7608,-1,-1,-1
22,2,406.56,314.93,101.07,49.43,0.8563,-1,-1,-1
22,3,210.09,254.18,90.48,39.60,0.8097,-1,-1,-1
23,2,387.89,317.72,104.07,50.82,0.8488,-1,-1,-1
23,3,209.73,254.10,91.28,39.83,0.8284,-1,-1,-1
24,2,368.25,319.86,108.33,53.03,0.8928,-1,-1,-1
24,3,210.06,254.38,90.97,39.56,0.8246,-1,-1,-1
25,2,348.04,321.48,112.29,55.13,0.8475,-1,-1,-1
25,3,210.05,254.33,91.30,39.66,0.7690,-1,-1,-1
26,2,329.14,325.11,113.39,55.71,0.8548,-1,-1,-1
26,3,209.70,254.41,91.47,39.52,0.8086,-1,-1,-1
27,2,309.80,328.89,114.36,56.10,0.8821,-1,-1,-1
27,3,209.10,254.32,92.06,39.66,0.7719,-1,-1,-1
28,2,289.74,332.46,115.58,56.64,0.8947,-1,-1,-1
28,3,208.78,254.10,92.70,39.90,0.6949,-1,-1,-1
29,2,268.63,336.32,117.07,57.15,0.8751,-1,-1,-1
29,3,208.50,254.00,92.97,39.95,0.7576,-1,-1,-1
30,2,246.49,338.80,121.54,59.30,0.8986,-1,-1,-1
30,3,208.56,254.00,92.96,39.87,0.8124,-1,-1,-1
31,2,224.67,342.58,123.64,60.12,0.8851,-1,-1,-1
31,3,208.04,253.44,93.15,39.90,0.7818,-1,-1,-1
32,2,201.29,345.65,128.13,62.27,0.8840,-1,-1,-1
32,3,208.21,253.61,93.17,39.84,0.8054,-1,-1,-1
33,2,178.23,349.16,131.21,63.67,0.8882,-1,-1,-1
33,3,208.16,253.37,93.52,39.98,0.7995,-1,-1,-1
34,2,153.54,352.67,135.58,65.69,0.9229,-1,-1,-1
34,3,207.99,253.29,93.68,40.05,0.7284,-1,-1,-1
35,2,130.17,356.84,139.31,67.18,0.9206,-1,-1,-1
35,3,208.04,253.30,94.09,40.23,0.7492,-1,-1,-1
36,2,104.78,361.47,142.22,68.36,0.9172,-1,-1,-1
36,3,208.58,253.63,93.81,40.04,0.7868,-1,-1,-1
37,2,79.92,367.01,143.31,68.38,0.8733,-1,-1,-1
37,3,208.59,253.61,94.24,40.24,0.7260,-1,-1,-1
37,8,0.33,279.22,21.36,19.62,0.3199,-1,-1,-1
38,2,53.15,371.94,145.77,69.03,0.8456,-1,-1,-1
38,3,208.41,253.39,94.43,40.32,0.7507,-1,-1,-1
39,2,25.23,376.37,150.94,70.97,0.8868,-1,-1,-1
39,3,208.30,253.29,94.21,40.23,0.7512,-1,-1,-1
39,8,0.53,279.12,20.86,19.15,0.3112,-1,-1,-1
40,2,0.00,380.49,156.06,73.77,0.8211,-1,-1,-1
40,3,208.78,253.29,93.98,40.11,0.6815,-1,-1,-1
41,2,0.00,384.10,140.93,76.56,0.8963,-1,-1,-1
41,3,208.34,253.07,94.10,40.16,0.7463,-1,-1,-1
42,2,0.00,387.62,127.03,79.43,0.8502,-1,-1,-1
42,3,208.21,252.80,94.03,40.16,0.7891,-1,-1,-1
42,8,0.64,278.75,20.47,18.77,0.2830,-1,-1,-1
43,2,0.00,393.62,103.48,71.14,0.7896,-1,-1,-1
43,3,208.27,252.71,94.02,40.08,0.7751,-1,-1,-1
44,2,0.00,401.31,80.64,64.13,0.6664,-1,-1,-1
44,3,209.02,252.73,94.05,40.00,0.7540,-1,-1,-1
45,3,209.38,253.07,93.89,39.92,0.7261,-1,-1,-1
46,3,208.62,252.90,94.77,40.32,0.7885,-1,-1,-1
47,3,208.57,252.73,95.11,40.50,0.8055,-1,-1,-1
48,3,208.17,252.71,94.35,40.15,0.7878,-1,-1,-1
49,3,208.38,252.92,94.19,40.07,0.8019,-1,-1,-1
50,3,207.19,252.59,95.64,40.80,0.7565,-1,-1,-1
51,3,207.40,252.46,95.35,40.75,0.7503,-1,-1,-1
52,3,207.34,252.64,94.76,40.49,0.7327,-1,-1,-1
53,3,207.62,252.93,93.83,40.07,0.7562,-1,-1,-1
54,3,208.00,253.23,93.55,39.92,0.7735,-1,-1,-1
55,3,208.17,253.45,93.61,39.91,0.8007,-1,-1,-1
56,3,208.43,253.72,93.67,39.85,0.7725,-1,-1,-1
57,3,208.95,254.02,93.39,39.71,0.7920,-1,-1,-1
57,14,928.43,225.48,29.31,63.52,0.3844,-1,-1,-1
58,3,208.98,254.33,93.54,39.77,0.8358,-1,-1,-1
58,14,925.22,226.53,30.12,64.82,0.5245,-1,-1,-1
59,3,208.80,254.66,93.05,39.58,0.8425,-1,-1,-1
59,14,922.11,226.38,31.31,66.56,0.7072,-1,-1,-1
60,3,209.07,254.74,92.93,39.54,0.8569,-1,-1,-1
60,14,918.55,226.65,32.87,68.48,0.7917,-1,-1,-1
61,3,209.52,255.14,92.55,39.36,0.8482,-1,-1,-1
61,14,915.08,226.50,34.15,68.97,0.5807,-1,-1,-1
62,3,209.78,255.53,92.00,39.09,0.8324,-1,-1,-1
62,14,911.84,227.02,36.10,70.28,0.7288,-1,-1,-1
63,3,209.82,255.70,92.27,39.16,0.8110,-1,-1,-1
63,14,908.74,227.87,38.58,72.16,0.8141,-1,-1,-1
64,3,209.27,255.86,92.53,39.24,0.8254,-1,-1,-1
64,14,904.29,228.69,41.11,73.06,0.8850,-1,-1,-1
65,3,209.78,256.26,91.88,38.91,0.8381,-1,-1,-1
65,14,899.60,229.01,44.20,74.22,0.9071,-1,-1,-1
66,3,209.68,256.52,91.95,38.90,0.8150,-1,-1,-1
66,14,894.55,230.60,47.20,74.26,0.9075,-1,-1,-1
67,3,209.56,256.34,92.50,39.07,0.8632,-1,-1,-1
67,14,889.50,231.89,50.72,74.54,0.9036,-1,-1,-1
68,3,209.51,256.28,92.94,39.23,0.8349,-1,-1,-1
68,14,884.52,232.16,55.14,75.95,0.8811,-1,-1,-1
69,3,209.52,256.54,92.26,38.93,0.7818,-1,-1,-1
69,14,879.18,232.98,59.29,76.26,0.9077,-1,-1,-1
70,3,209.24,256.70,92.26,38.93,0.8070,-1,-1,-1
70,14,873.78,233.41,64.46,77.88,0.9019,-1,-1,-1
71,3,209.30,256.61,92.70,39.15,0.8123,-1,-1,-1
71,14,867.31,233.65,70.09,79.67,0.9051,-1,-1,-1
72,3,209.37,256.67,93.22,39.39,0.8014,-1,-1,-1
72,14,860.40,234.37,75.93,81.22,0.9135,-1,-1,-1
73,3,209.25,256.99,92.93,39.30,0.7889,-1,-1,-1
73,14,852.20,234.54,81.95,82.18,0.9014,-1,-1,-1
74,3,209.56,257.05,93.36,39.48,0.7767,-1,-1,-1
74,14,846.55,233.86,88.82,84.44,0.8751,-1,-1,-1
75,3,210.10,257.47,93.37,39.42,0.8042,-1,-1,-1
75,14,840.70,234.79,94.53,85.18,0.8545,-1,-1,-1
76,3,209.84,257.30,93.23,39.32,0.8126,-1,-1,-1
76,14,833.81,235.18,101.43,86.97,0.8710,-1,-1,-1
77,3,209.74,257.51,93.60,39.50,0.8052,-1,-1,-1
77,14,827.31,235.12,108.61,89.06,0.8315,-1,-1,-1
78,3,209.79,257.51,93.43,39.36,0.8354,-1,-1,-1
78,14,819.53,235.32,115.36,90.34,0.8803,-1,-1,-1
79,3,209.46,257.65,93.45,39.36,0.8107,-1,-1,-1
79,14,812.07,235.75,122.29,91.91,0.8828,-1,-1,-1
80,3,208.34,257.41,93.27,39.28,0.8160,-1,-1,-1
80,14,802.57,237.54,128.47,92.81,0.8578,-1,-1,-1
81,3,208.00,257.27,92.95,39.15,0.7955,-1,-1,-1
81,14,791.84,237.90,135.84,95.02,0.8815,-1,-1,-1
82,3,208.58,257.21,93.17,39.24,0.8095,-1,-1,-1
82,14,782.15,238.01,142.00,96.34,0.8764,-1,-1,-1
83,3,208.13,256.96,93.41,39.34,0.7837,-1,-1,-1
83,14,772.87,238.61,147.93,97.62,0.8672,-1,-1,-1
84,3,208.19,256.73,93.59,39.45,0.8058,-1,-1,-1
84,14,763.03,240.06,152.90,98.44,0.8560,-1,-1,-1
85,3,207.88,256.59,93.72,39.54,0.7724,-1,-1,-1
85,14,753.07,242.65,155.14,97.48,0.8384,-1,-1,-1
86,3,208.23,256.53,93.66,39.54,0.7526,-1,-1,-1
86,14,742.96,243.78,159.36,97.97,0.8904,-1,-1,-1
86,29,699.87,263.55,39.32,29.41,0.4976,-1,-1,-1
87,3,208.66,256.48,93.39,39.41,0.8344,-1,-1,-1
87,14,731.69,242.94,167.10,100.94,0.8734,-1,-1,-1
87,29,690.29,264.50,40.16,30.05,0.4162,-1,-1,-1
88,3,208.96,256.13,93.92,39.60,0.7753,-1,-1,-1
88,14,721.98,243.87,170.61,101.02,0.8609,-1,-1,-1
88,29,680.48,264.40,41.72,31.02,0.3695,-1,-1,-1
89,3,209.22,256.07,93.74,39.44,0.8066,-1,-1,-1
89,14,708.10,244.55,178.03,104.11,0.8944,-1,-1,-1
89,29,667.73,265.24,42.46,31.48,0.4525,-1,-1,-1
90,3,208.40,256.16,94.03,39.57,0.7949,-1,-1,-1
90,14,695.78,244.99,184.80,106.87,0.8746,-1,-1,-1
90,29,656.10,266.73,42.34,31.16,0.4005,-1,-1,-1
91,3,209.01,256.28,93.15,39.14,0.8123,-1,-1,-1
91,14,683.85,245.85,189.63,108.59,0.8727,-1,-1,-1
91,29,644.46,266.36,44.73,32.78,0.4284,-1,-1,-1
92,3,209.07,256.28,92.77,38.98,0.8297,-1,-1,-1
92,14,672.63,246.94,194.15,109.99,0.8805,-1,-1,-1
93,3,208.98,256.11,92.60,38.88,0.8013,-1,-1,-1
93,14,662.03,247.39,198.01,111.02,0.8561,-1,-1,-1
93,29,625.68,265.76,47.48,33.71,0.5249,-1,-1,-1
94,3,209.04,256.11,92.46,38.80,0.8090,-1,-1,-1
94,14,649.65,245.47,207.33,115.65,0.8842,-1,-1,-1
94,29,611.09,266.26,51.12,35.70,0.5440,-1,-1,-1
95,3,208.61,256.03,92.65,38.93,0.7922,-1,-1,-1
95,14,636.66,246.34,214.16,119.00,0.9040,-1,-1,-1
95,29,602.06,266.84,52.09,34.99,0.6636,-1,-1,-1
96,3,208.04,255.75,93.41,39.32,0.7757,-1,-1,-1
96,14,625.63,246.89,218.45,120.97,0.8954,-1,-1,-1
96,29,591.27,267.32,53.59,34.46,0.7527,-1,-1,-1
97,3,208.71,255.74,93.33,39.26,0.7732,-1,-1,-1
97,14,613.30,247.02,224.13,123.77,0.8943,-1,-1,-1
97,29,578.74,267.36,57.00,35.21,0.7979,-1,-1,-1
98,3,209.32,255.48,94.62,39.72,0.7667,-1,-1,-1
98,14,600.84,248.61,227.52,125.29,0.9038,-1,-1,-1
98,29,566.67,268.58,58.46,34.72,0.7166,-1,-1,-1
99,3,209.45,255.70,94.80,39.74,0.8080,-1,-1,-1
99,14,588.09,249.08,232.39,127.70,0.8882,-1,-1,-1
99,29,554.44,269.43,59.87,34.41,0.5575,-1,-1,-1
100,3,209.50,255.39,95.08,39.77,0.8014,-1,-1,-1
100,14,572.95,249.51,239.24,131.20,0.8832,-1,-1,-1
100,29,542.40,270.03,63.53,34.70,0.5275,-1,-1,-1
101,3,208.31,255.13,94.95,39.72,0.7969,-1,-1,-1
101,14,557.81,249.01,246.11,134.84,0.8754,-1,-1,-1
101,29,527.44,270.74,66.82,35.17,0.7461,-1,-1,-1
102,3,208.10,255.24,94.71,39.66,0.7744,-1,-1,-1
102,14,545.45,249.60,249.46,136.46,0.8898,-1,-1,-1
102,29,512.22,271.14,68.97,35.03,0.5894,-1,-1,-1
103,3,207.69,255.35,94.44,39.66,0.7156,-1,-1,-1
103,14,533.24,252.79,250.51,136.39,0.8827,-1,-1,-1
103,29,498.28,270.71,74.59,36.65,0.3735,-1,-1,-1
104,3,207.29,255.11,95.01,40.05,0.7013,-1,-1,-1
104,14,521.19,254.34,253.60,137.58,0.8973,-1,-1,-1
104,29,484.12,271.79,77.54,36.94,0.6076,-1,-1,-1
105,3,206.96,255.05,95.01,40.18,0.7495,-1,-1,-1
105,14,506.52,254.54,260.76,141.25,0.8991,-1,-1,-1
105,29,463.42,272.59,76.76,36.51,0.8939,-1,-1,-1
106,3,206.52,254.86,94.36,40.12,0.7522,-1,-1,-1
106,14,495.41,257.94,259.09,139.41,0.8957,-1,-1,-1
106,29,449.72,272.72,78.78,36.86,0.8656,-1,-1,-1
106,36,0.09,280.44,20.67,20.61,0.3685,-1,-1,-1
107,3,207.50,254.99,94.15,40.06,0.6853,-1,-1,-1
107,14,483.11,259.22,263.28,140.96,0.9049,-1,-1,-1
107,29,440.07,274.22,79.51,36.03,0.8143,-1,-1,-1
107,36,0.18,280.09,20.85,20.78,0.3525,-1,-1,-1
107,38,678.65,254.48,64.89,16.88,0.5200,-1,-1,-1
107,39,943.88,230.27,14.70,37.17,0.7190,-1,-1,-1
108,3,208.02,255.08,93.99,40.06,0.6632,-1,-1,-1
108,14,462.44,257.96,276.26,147.60,0.9033,-1,-1,-1
108,29,424.71,274.98,83.37,37.00,0.8450,-1,-1,-1
108,36,0.00,279.15,21.81,22.12,0.3395,-1,-1,-1
108,39,941.23,229.49,15.49,38.78,0.5144,-1,-1,-1
109,3,208.45,255.27,93.33,39.79,0.7058,-1,-1,-1
109,14,442.53,256.70,290.34,155.43,0.9153,-1,-1,-1
109,29,411.23,275.57,85.85,37.18,0.8401,-1,-1,-1
109,36,0.00,280.15,20.81,20.86,0.3037,-1,-1,-1
109,39,938.94,229.94,15.74,38.60,0.5604,-1,-1,-1
110,3,208.82,255.35,92.31,39.29,0.7519,-1,-1,-1
110,14,422.53,257.63,297.58,158.69,0.9316,-1,-1,-1
110,29,397.94,276.30,87.50,37.01,0.8637,-1,-1,-1
110,36,0.00,280.08,20.22,20.53,0.4577,-1,-1,-1
110,39,935.42,230.11,16.64,39.29,0.5616,-1,-1,-1
111,3,208.78,255.50,92.06,39.08,0.7799,-1,-1,-1
111,14,406.01,258.43,305.37,162.71,0.9306,-1,-1,-1
111,29,382.60,277.47,90.26,37.37,0.8673,-1,-1,-1
111,36,0.00,279.80,21.05,21.11,0.3054,-1,-1,-1
112,3,209.07,255.52,92.31,39.15,0.7902,-1,-1,-1
112,14,388.90,265.25,306.53,162.09,0.9088,-1,-1,-1
112,29,366.71,278.05,93.98,38.29,0.8514,-1,-1,-1
112,36,0.00,279.82,21.18,21.26,0.3263,-1,-1,-1
112,42,918.50,214.82,40.00,55.01,0.5826,-1,-1,-1
113,3,208.99,255.57,92.16,39.05,0.8221,-1,-1,-1
113,14,369.52,266.08,315.33,165.78,0.9176,-1,-1,-1
113,29,347.91,278.35,102.75,41.79,0.8306,-1,-1,-1
113,36,0.23,280.00,20.97,20.96,0.3637,-1,-1,-1
113,42,916.95,215.68,40.08,54.94,0.5777,-1,-1,-1
114,3,208.83,255.41,93.27,39.56,0.8261,-1,-1,-1
114,14,351.85,268.80,320.51,167.15,0.9057,-1,-1,-1
114,29,332.79,278.68,104.13,42.08,0.8467,-1,-1,-1
114,36,0.52,281.17,19.78,19.68,0.3654,-1,-1,-1
114,42,914.10,215.16,41.27,56.20,0.5617,-1,-1,-1
114,45,579.77,259.13,94.37,22.53,0.4374,-1,-1,-1
115,3,208.58,255.37,93.18,39.56,0.8292,-1,-1,-1
115,14,332.00,269.55,331.20,171.77,0.8669,-1,-1,-1
115,29,317.55,279.71,105.26,42.36,0.7910,-1,-1,-1
115,36,0.00,279.85,21.03,21.13,0.3262,-1,-1,-1
115,42,911.27,215.00,42.41,57.08,0.5276,-1,-1,-1
115,45,560.77,258.86,102.14,24.45,0.5639,-1,-1,-1
116,3,209.19,255.52,92.54,39.24,0.7800,-1,-1,-1
116,14,311.98,265.60,344.76,178.86,0.8910,-1,-1,-1
116,29,304.94,280.67,101.57,40.30,0.7148,-1,-1,-1
116,36,0.04,280.53,20.85,20.82,0.2524,-1,-1,-1
116,42,908.32,215.14,43.49,57.49,0.5920,-1,-1,-1
116,45,545.07,259.86,105.12,25.27,0.4489,-1,-1,-1
117,3,209.11,255.39,92.22,39.07,0.7707,-1,-1,-1
117,14,291.33,268.98,350.77,181.08,0.8807,-1,-1,-1
117,29,287.58,280.80,105.60,41.62,0.7603,-1,-1,-1
117,36,0.11,280.49,20.55,20.50,0.3802,-1,-1,-1
117,42,905.27,215.47,44.96,58.03,0.6769,-1,-1,-1
117,45,532.64,260.66,110.13,26.79,0.6198,-1,-1,-1
118,3,210.07,255.54,91.34,38.55,0.7852,-1,-1,-1
118,14,274.78,275.92,352.42,180.50,0.8898,-1,-1,-1
118,29,273.03,281.56,104.04,40.45,0.7710,-1,-1,-1
118,36,0.00,279.49,21.27,21.68,0.3507,-1,-1,-1
118,42,901.45,216.30,46.50,58.01,0.5946,-1,-1,-1
118,45,505.78,261.21,122.55,30.03,0.4880,-1,-1,-1
119,3,210.31,255.97,91.11,38.34,0.7599,-1,-1,-1
119,14,255.27,278.07,362.71,185.29,0.8864,-1,-1,-1
119,29,256.56,283.74,106.79,41.16,0.7340,-1,-1,-1
119,36,0.00,280.11,21.12,21.44,0.2837,-1,-1,-1
119,42,897.59,216.88,48.46,58.04,0.6777,-1,-1,-1
119,45,484.14,261.77,131.82,32.67,0.4815,-1,-1,-1
120,3,210.77,255.83,90.68,38.03,0.7471,-1,-1,-1
120,14,237.42,282.22,368.42,186.96,0.8769,-1,-1,-1
120,29,242.43,285.52,104.77,39.80,0.7894,-1,-1,-1
120,36,0.00,280.52,21.18,21.51,0.3022,-1,-1,-1
120,42,892.20,217.43,50.66,58.34,0.7837,-1,-1,-1
120,45,470.21,263.51,126.68,31.53,0.5353,-1,-1,-1
121,3,211.10,255.90,90.08,37.60,0.6835,-1,-1,-1
121,14,221.27,288.28,372.16,187.89,0.8917,-1,-1,-1
121,29,225.70,286.74,105.98,39.79,0.8340,-1,-1,-1
121,36,0.00,280.47,21.52,22.00,0.2842,-1,-1,-1
121,42,886.38,217.58,52.69,58.53,0.7226,-1,-1,-1
121,45,454.36,264.71,130.79,32.93,0.7030,-1,-1,-1
122,3,212.18,255.92,88.36,36.62,0.7737,-1,-1,-1
122,14,197.64,293.69,377.63,188.86,0.8913,-1,-1,-1
122,29,207.63,286.62,110.32,41.20,0.8221,-1,-1,-1
122,36,0.00,277.35,22.98,25.44,0.2630,-1,-1,-1
122,42,880.69,218.09,54.84,58.81,0.7314,-1,-1,-1
122,45,429.79,265.36,137.23,35.48,0.8090,-1,-1,-1
123,3,211.79,256.28,89.61,37.00,0.7851,-1,-1,-1
123,14,172.54,296.52,387.98,192.49,0.9025,-1,-1,-1
123,29,188.29,286.57,115.38,43.01,0.8365,-1,-1,-1
123,42,873.55,218.38,57.20,59.20,0.7570,-1,-1,-1
123,45,413.75,265.71,143.27,37.91,0.8667,-1,-1,-1
124,3,209.54,256.17,92.92,38.42,0.8243,-1,-1,-1
124,14,149.49,299.31,399.06,196.79,0.9051,-1,-1,-1
124,29,169.56,287.41,119.18,44.42,0.8440,-1,-1,-1
124,42,866.90,218.90,59.24,59.50,0.6905,-1,-1,-1
124,45,400.86,266.33,148.75,40.22,0.8667,-1,-1,-1
125,3,208.46,256.10,94.42,39.12,0.8169,-1,-1,-1
125,14,123.77,300.79,411.75,201.93,0.9054,-1,-1,-1
125,29,153.55,289.41,119.45,44.39,0.8623,-1,-1,-1
125,42,861.28,219.22,61.02,59.65,0.7991,-1,-1,-1
125,45,385.66,267.02,154.32,42.72,0.8864,-1,-1,-1
126,3,208.27,255.97,94.66,39.31,0.7774,-1,-1,-1
126,14,94.61,303.05,423.71,206.08,0.8956,-1,-1,-1
126,29,134.64,290.58,122.62,45.52,0.8841,-1,-1,-1
126,42,854.00,219.16,63.69,60.61,0.6833,-1,-1,-1
126,45,370.63,268.03,155.45,44.03,0.8732,-1,-1,-1
127,3,208.80,256.20,94.21,39.23,0.7715,-1,-1,-1
127,14,64.76,306.02,437.34,210.80,0.9117,-1,-1,-1
127,29,117.47,292.20,123.12,45.60,0.9116,-1,-1,-1
127,42,847.95,219.32,65.75,60.90,0.5694,-1,-1,-1
127,45,355.48,268.64,159.02,46.20,0.8799,-1,-1,-1
128,3,209.19,256.60,93.96,39.21,0.6353,-1,-1,-1
128,14,35.86,308.06,457.12,219.29,0.9106,-1,-1,-1
128,29,99.75,293.75,124.25,45.91,0.8927,-1,-1,-1
128,42,840.82,219.63,67.71,61.15,0.5344,-1,-1,-1
128,45,342.48,269.01,157.10,46.69,0.8523,-1,-1,-1
129,3,208.91,256.62,94.06,39.34,0.6431,-1,-1,-1
129,14,9.35,309.84,473.41,226.55,0.8978,-1,-1,-1
129,29,81.97,294.78,125.76,46.35,0.8844,-1,-1,-1
129,42,833.83,219.74,70.11,61.93,0.6032,-1,-1,-1
129,45,326.48,269.77,159.95,48.73,0.8650,-1,-1,-1
130,3,211.11,256.49,93.39,39.39,0.5013,-1,-1,-1
130,14,0.00,311.81,472.73,228.19,0.8951,-1,-1,-1
130,29,63.44,296.75,126.36,46.38,0.8774,-1,-1,-1
130,42,826.98,220.18,71.90,62.16,0.7596,-1,-1,-1
130,45,312.62,270.55,160.38,49.96,0.8757,-1,-1,-1
131,3,219.50,256.82,90.02,38.88,0.6626,-1,-1,-1
131,14,0.00,313.48,463.60,226.52,0.9105,-1,-1,-1
131,29,45.49,298.86,125.63,45.76,0.8684,-1,-1,-1
131,42,821.00,220.67,73.87,62.76,0.8269,-1,-1,-1
131,45,300.47,272.03,155.80,49.51,0.8395,-1,-1,-1
132,3,223.18,256.86,87.92,38.91,0.6001,-1,-1,-1
132,14,0.00,317.00,450.78,223.00,0.8971,-1,-1,-1
132,29,25.72,300.85,128.77,46.76,0.8756,-1,-1,-1
132,42,813.42,221.20,75.76,63.26,0.7310,-1,-1,-1
132,45,286.02,272.62,154.34,50.02,0.8143,-1,-1,-1
133,3,219.75,256.90,87.37,38.95,0.6063,-1,-1,-1
133,14,0.00,321.02,436.86,218.98,0.9185,-1,-1,-1
133,29,6.64,302.62,130.19,47.11,0.8900,-1,-1,-1
133,42,807.06,221.81,77.37,63.60,0.8040,-1,-1,-1
133,45,272.18,273.16,151.07,49.75,0.7983,-1,-1,-1
134,3,215.47,257.05,87.32,38.81,0.6350,-1,-1,-1
134,14,0.00,324.23,424.32,215.77,0.9275,-1,-1,-1
134,29,0.00,303.71,123.73,48.02,0.8750,-1,-1,-1
134,42,799.84,222.32,78.55,63.70,0.8079,-1,-1,-1
134,45,256.09,274.46,152.74,51.28,0.8651,-1,-1,-1
135,3,220.17,257.23,84.46,37.89,0.7046,-1,-1,-1
135,14,0.00,329.26,408.38,210.74,0.9433,-1,-1,-1
135,29,0.00,306.06,112.14,48.15,0.8839,-1,-1,-1
135,42,791.93,222.67,80.04,63.84,0.7293,-1,-1,-1
135,45,245.25,275.76,143.22,48.48,0.8417,-1,-1,-1
136,3,223.19,257.10,80.22,36.30,0.7449,-1,-1,-1
136,14,0.00,332.03,394.14,207.97,0.9361,-1,-1,-1
136,29,0.00,306.58,101.51,48.87,0.8829,-1,-1,-1
136,42,784.64,223.17,81.53,64.20,0.7552,-1,-1,-1
136,45,230.01,277.09,140.88,48.12,0.8334,-1,-1,-1
137,3,220.44,257.08,80.35,36.40,0.6902,-1,-1,-1
137,14,0.00,336.53,378.02,203.47,0.9487,-1,-1,-1
137,29,0.00,309.28,85.58,45.06,0.8762,-1,-1,-1
137,42,776.99,223.60,83.06,64.42,0.7617,-1,-1,-1
137,45,213.27,277.85,143.30,49.49,0.8573,-1,-1,-1
138,3,221.29,256.97,78.26,35.49,0.7040,-1,-1,-1
138,14,0.00,339.36,362.37,200.64,0.9462,-1,-1,-1
138,29,0.00,312.51,69.94,41.60,0.8160,-1,-1,-1
138,42,769.77,223.92,84.75,64.90,0.7688,-1,-1,-1
138,45,196.63,278.57,144.79,50.50,0.8351,-1,-1,-1
138,54,702.66,505.84,147.49,34.16,0.5296,-1,-1,-1
139,3,227.26,256.64,67.43,29.76,0.5650,-1,-1,-1
139,14,0.00,342.81,345.73,197.19,0.9231,-1,-1,-1
139,42,762.11,224.38,86.30,65.29,0.7154,-1,-1,-1
139,45,181.37,279.22,145.40,51.21,0.8100,-1,-1,-1
139,54,696.87,499.87,172.49,40.13,0.6764,-1,-1,-1
140,3,229.16,256.87,68.64,30.00,0.6727,-1,-1,-1
140,14,0.00,346.13,327.21,192.87,0.9140,-1,-1,-1
140,42,755.37,225.32,86.88,65.00,0.6697,-1,-1,-1
140,45,163.19,279.55,148.50,52.92,0.8743,-1,-1,-1
140,54,694.15,494.34,194.43,45.66,0.6657,-1,-1,-1
140,58,375.72,255.60,14.00,14.02,0.3757,-1,-1,-1
141,3,223.60,256.97,80.61,35.71,0.8045,-1,-1,-1
141,14,0.00,351.24,308.33,187.70,0.9276,-1,-1,-1
141,42,747.59,225.72,88.35,65.47,0.7227,-1,-1,-1
141,45,145.93,280.48,150.63,54.32,0.8524,-1,-1,-1
141,54,690.88,487.73,219.24,52.27,0.7462,-1,-1,-1
141,58,375.30,255.99,14.19,14.16,0.3370,-1,-1,-1
142,3,217.00,257.08,86.27,38.27,0.7734,-1,-1,-1
142,14,0.00,354.76,290.83,184.89,0.9168,-1,-1,-1
142,42,740.58,226.44,88.97,65.21,0.7337,-1,-1,-1
142,45,128.76,281.82,151.19,55.09,0.8848,-1,-1,-1
142,54,690.26,482.04,238.16,57.96,0.7887,-1,-1,-1
143,3,213.88,257.09,88.24,39.08,0.7535,-1,-1,-1
143,14,0.00,358.65,273.01,181.35,0.9061,-1,-1,-1
143,42,732.43,227.09,90.27,65.39,0.8665,-1,-1,-1
143,45,111.51,282.87,151.71,55.85,0.8857,-1,-1,-1
143,54,691.74,476.52,254.05,63.48,0.7960,-1,-1,-1
144,3,212.14,257.14,89.06,39.31,0.7066,-1,-1,-1
144,14,0.00,362.70,252.16,176.69,0.9360,-1,-1,-1
144,42,723.68,227.69,91.38,65.41,0.7948,-1,-1,-1
144,45,93.89,283.25,153.50,57.14,0.9059,-1,-1,-1
144,54,695.28,471.52,264.72,68.48,0.8733,-1,-1,-1
145,3,211.09,257.13,89.50,39.32,0.7804,-1,-1,-1
145,14,0.00,366.65,232.83,173.35,0.9246,-1,-1,-1
145,42,715.11,227.68,93.42,66.03,0.7841,-1,-1,-1
145,45,76.27,283.95,154.02,57.80,0.8899,-1,-1,-1
145,54,700.87,466.89,259.13,73.11,0.8816,-1,-1,-1
146,3,209.73,257.04,90.42,39.49,0.7612,-1,-1,-1
146,14,0.00,371.85,210.78,167.96,0.9030,-1,-1,-1
146,42,706.15,227.57,95.51,66.74,0.8286,-1,-1,-1
146,45,57.87,284.62,156.28,59.19,0.9097,-1,-1,-1
146,54,705.33,461.36,254.67,78.64,0.8982,-1,-1,-1
147,3,209.51,256.91,90.82,39.56,0.8010,-1,-1,-1
147,14,0.00,375.07,190.07,164.93,0.8891,-1,-1,-1
147,42,699.67,227.85,97.70,67.10,0.8377,-1,-1,-1
147,45,40.82,286.17,154.92,59.08,0.8737,-1,-1,-1
147,54,711.46,456.34,248.54,83.62,0.9403,-1,-1,-1
148,3,209.79,257.02,91.04,39.52,0.7593,-1,-1,-1
148,14,0.00,378.06,168.25,161.94,0.8056,-1,-1,-1
148,42,689.93,228.27,99.42,67.82,0.8534,-1,-1,-1
148,45,22.29,287.51,156.35,60.18,0.9058,-1,-1,-1
148,54,722.42,451.82,237.58,86.16,0.9234,-1,-1,-1
149,3,210.97,257.44,90.13,38.90,0.7889,-1,-1,-1
149,14,0.00,386.78,142.39,152.33,0.7330,-1,-1,-1
149,42,680.54,228.41,100.60,68.15,0.8061,-1,-1,-1
149,45,3.78,288.55,158.00,61.38,0.9018,-1,-1,-1
149,54,736.41,447.17,223.59,86.42,0.9153,-1,-1,-1
150,3,211.21,257.59,91.08,39.18,0.7960,-1,-1,-1
150,42,671.81,228.24,102.01,68.84,0.8412,-1,-1,-1
150,45,0.00,290.89,145.81,60.53,0.9016,-1,-1,-1
150,54,751.28,442.70,208.72,86.18,0.8868,-1,-1,-1
151,3,210.59,257.48,91.05,39.07,0.8107,-1,-1,-1
151,42,662.33,228.61,102.96,69.06,0.8367,-1,-1,-1
151,45,0.00,292.64,132.70,60.44,0.9022,-1,-1,-1
151,54,765.21,438.78,194.79,85.06,0.8851,-1,-1,-1
152,3,210.17,257.49,91.70,39.31,0.7703,-1,-1,-1
152,42,652.44,229.07,104.25,69.42,0.7671,-1,-1,-1
152,45,0.00,294.10,122.45,61.32,0.8861,-1,-1,-1
152,54,779.93,434.64,180.07,83.53,0.8749,-1,-1,-1
153,3,210.44,257.60,91.95,39.31,0.7559,-1,-1,-1
153,42,643.49,229.57,105.47,69.81,0.7885,-1,-1,-1
153,45,0.00,295.44,107.18,58.02,0.8530,-1,-1,-1
153,54,793.77,430.68,166.23,81.98,0.8998,-1,-1,-1
154,3,210.24,257.58,92.47,39.48,0.7422,-1,-1,-1
154,42,634.22,230.20,106.14,69.76,0.7890,-1,-1,-1
154,45,0.00,296.52,94.86,56.77,0.8675,-1,-1,-1
154,54,806.69,425.74,153.31,80.37,0.9097,-1,-1,-1
155,3,210.11,257.76,92.94,39.63,0.7622,-1,-1,-1
155,42,624.58,230.75,107.26,69.90,0.8284,-1,-1,-1
155,45,0.00,299.41,79.84,54.46,0.8595,-1,-1,-1
155,54,817.77,421.93,142.23,78.59,0.8840,-1,-1,-1
156,3,210.65,258.08,92.82,39.52,0.7531,-1,-1,-1
156,42,614.81,231.27,108.45,70.10,0.7919,-1,-1,-1
156,54,827.86,418.38,132.14,77.14,0.8869,-1,-1,-1
157,3,210.63,258.22,92.83,39.47,0.8060,-1,-1,-1
157,42,606.42,232.08,109.86,70.20,0.7208,-1,-1,-1
157,54,837.33,414.99,122.67,75.18,0.8774,-1,-1,-1
158,3,210.83,258.51,93.00,39.49,0.8047,-1,-1,-1
158,42,595.94,232.52,111.41,70.75,0.8298,-1,-1,-1
158,54,846.14,411.41,113.86,73.48,0.8823,-1,-1,-1
159,3,210.26,258.26,93.11,39.50,0.8149,-1,-1,-1
159,42,585.46,233.05,112.67,71.04,0.6457,-1,-1,-1
159,54,854.15,408.71,105.85,71.98,0.8770,-1,-1,-1
160,3,209.87,258.35,92.87,39.35,0.8183,-1,-1,-1
160,42,574.58,233.45,113.41,70.97,0.6564,-1,-1,-1
160,54,861.85,404.96,98.15,70.54,0.8546,-1,-1,-1
161,3,209.65,258.30,93.27,39.53,0.8385,-1,-1,-1
161,42,563.89,233.74,115.29,71.70,0.6926,-1,-1,-1
161,54,869.00,401.70,91.00,69.72,0.8649,-1,-1,-1
162,3,209.82,258.51,93.12,39.43,0.8371,-1,-1,-1
162,42,554.02,233.97,115.95,71.71,0.5979,-1,-1,-1
162,54,877.60,398.95,82.40,67.08,0.8764,-1,-1,-1
163,3,209.85,258.60,93.19,39.45,0.8430,-1,-1,-1
163,42,545.17,234.50,116.70,72.10,0.5855,-1,-1,-1
163,54,884.28,395.71,75.72,66.13,0.8497,-1,-1,-1
164,3,209.20,258.59,93.74,39.66,0.8380,-1,-1,-1
164,42,532.72,234.63,118.82,73.03,0.4630,-1,-1,-1
164,54,890.91,392.91,69.09,64.70,0.8374,-1,-1,-1
165,3,209.03,258.64,93.71,39.64,0.8318,-1,-1,-1
165,42,522.33,235.67,117.81,71.75,0.5093,-1,-1,-1
165,54,897.49,389.99,62.51,63.78,0.8446,-1,-1,-1
165,71,519.88,235.32,124.20,72.05,0.4845,-1,-1,-1
166,3,209.06,258.85,93.41,39.43,0.8346,-1,-1,-1
166,42,508.52,235.31,122.19,74.11,0.4724,-1,-1,-1
166,54,903.52,386.13,56.48,62.97,0.7991,-1,-1,-1
166,71,506.93,234.70,128.51,74.56,0.3651,-1,-1,-1
167,3,208.59,258.63,93.50,39.44,0.8187,-1,-1,-1
167,42,496.73,234.46,125.00,75.68,0.4904,-1,-1,-1
167,54,908.65,383.20,51.35,62.70,0.7329,-1,-1,-1
167,71,495.15,233.96,130.73,75.90,0.3491,-1,-1,-1
167,74,0.00,284.81,20.77,19.94,0.3788,-1,-1,-1
168,3,208.15,258.55,93.65,39.45,0.7943,-1,-1,-1
168,42,484.76,234.00,127.43,76.76,0.4730,-1,-1,-1
168,74,0.00,283.26,21.48,21.34,0.3507,-1,-1,-1
169,3,208.40,258.57,93.66,39.47,0.8236,-1,-1,-1
169,42,472.69,233.74,130.12,78.42,0.7195,-1,-1,-1
169,74,0.00,284.04,21.26,20.68,0.3620,-1,-1,-1
169,75,943.47,387.56,16.53,51.42,0.6715,-1,-1,-1
170,3,208.65,258.62,93.39,39.32,0.8116,-1,-1,-1
170,42,460.52,233.30,132.54,79.95,0.7285,-1,-1,-1
170,74,0.00,284.75,20.99,20.05,0.4064,-1,-1,-1
171,3,208.46,258.47,93.72,39.46,0.7981,-1,-1,-1
171,42,449.38,234.69,131.43,79.21,0.7332,-1,-1,-1
171,74,0.00,285.09,20.54,19.47,0.2546,-1,-1,-1
172,3,208.41,258.43,93.17,39.19,0.7898,-1,-1,-1
172,42,439.32,236.42,130.04,77.93,0.6173,-1,-1,-1
173,3,208.32,258.64,92.59,38.92,0.7942,-1,-1,-1
173,42,428.69,238.16,128.36,76.35,0.6916,-1,-1,-1
174,3,208.45,258.79,92.59,38.87,0.8016,-1,-1,-1
174,42,419.10,239.00,130.26,76.78,0.6600,-1,-1,-1
174,74,0.00,284.61,20.57,20.11,0.3687,-1,-1,-1
175,3,208.14,258.45,93.42,39.22,0.8171,-1,-1,-1
175,42,410.68,239.63,133.46,77.55,0.6361,-1,-1,-1
175,74,0.00,284.74,20.37,19.95,0.3252,-1,-1,-1
176,3,208.01,258.16,93.60,39.29,0.8008,-1,-1,-1
176,42,395.48,240.17,133.64,77.49,0.7305,-1,-1,-1
177,3,208.46,258.25,93.19,39.10,0.8256,-1,-1,-1
177,42,382.78,240.39,134.98,78.28,0.6828,-1,-1,-1
177,74,0.00,283.94,20.60,20.72,0.3236,-1,-1,-1
178,3,208.52,258.16,93.59,39.30,0.8476,-1,-1,-1
178,42,370.78,240.85,136.12,78.79,0.6967,-1,-1,-1
178,74,0.00,284.79,20.44,19.86,0.3129,-1,-1,-1
179,3,208.35,257.85,94.20,39.59,0.7958,-1,-1,-1
179,42,357.73,241.10,138.03,79.89,0.7562,-1,-1,-1
180,3,207.52,257.39,94.50,39.75,0.8168,-1,-1,-1
180,42,347.53,241.48,135.21,77.96,0.7534,-1,-1,-1
181,3,207.40,257.23,94.24,39.71,0.8168,-1,-1,-1
181,42,334.59,240.96,138.13,79.65,0.7434,-1,-1,-1
182,3,207.26,256.89,94.43,39.86,0.7456,-1,-1,-1
182,42,323.43,240.56,137.85,79.30,0.7797,-1,-1,-1
183,3,207.89,256.87,93.99,39.72,0.7856,-1,-1,-1
183,42,313.48,241.26,135.07,77.18,0.7890,-1,-1,-1
183,74,0.00,283.18,20.34,19.83,0.2958,-1,-1,-1
184,3,209.54,257.02,93.50,39.48,0.7844,-1,-1,-1
184,42,301.33,241.42,136.61,77.61,0.8014,-1,-1,-1
185,3,209.47,257.64,92.54,39.21,0.7636,-1,-1,-1
185,42,291.93,242.96,135.20,76.33,0.7465,-1,-1,-1
186,3,209.28,257.94,91.82,39.11,0.7983,-1,-1,-1
186,42,280.90,244.18,134.02,74.99,0.6634,-1,-1,-1
187,3,209.85,258.01,88.21,37.60,0.7847,-1,-1,-1
187,42,268.98,245.16,135.84,75.56,0.7607,-1,-1,-1
188,3,212.49,257.88,87.43,36.96,0.6178,-1,-1,-1
188,42,257.55,245.64,137.21,75.99,0.7024,-1,-1,-1
189,3,205.62,257.76,86.52,37.31,0.7767,-1,-1,-1
189,42,244.94,245.72,141.22,77.83,0.6335,-1,-1,-1
190,3,200.29,257.59,81.87,36.45,0.4998,-1,-1,-1
190,42,230.44,246.69,142.29,77.93,0.5261,-1,-1,-1
