1,1,120.52,335.30,137.14,56.99,0.8942,-1,-1,-1
1,2,733.01,268.21,73.30,37.33,0.8863,-1,-1,-1
1,3,224.29,251.96,80.32,39.55,0.6313,-1,-1,-1
1,4,0.11,252.79,21.62,43.68,0.3378,-1,-1,-1
2,1,100.07,337.67,140.84,59.69,0.8943,-1,-1,-1
2,2,722.35,270.09,72.92,37.06,0.8848,-1,-1,-1
2,3,223.05,252.50,79.98,38.62,0.6920,-1,-1,-1
2,4,0.11,253.64,21.79,43.15,0.3513,-1,-1,-1
3,1,77.40,341.89,144.70,58.87,0.8782,-1,-1,-1
3,2,709.07,271.03,74.99,38.28,0.8554,-1,-1,-1
3,3,221.68,252.52,81.56,38.78,0.7396,-1,-1,-1
3,4,0.11,252.01,23.28,45.07,0.4152,-1,-1,-1
4,1,52.73,345.75,146.24,60.41,0.8767,-1,-1,-1
4,2,694.57,273.28,76.45,37.82,0.8587,-1,-1,-1
4,3,220.39,252.93,82.93,38.75,0.6330,-1,-1,-1
5,1,24.17,348.79,150.69,62.77,0.8649,-1,-1,-1
5,2,679.92,275.19,77.46,37.97,0.8197,-1,-1,-1
5,3,218.27,252.84,84.11,39.17,0.6380,-1,-1,-1
6,1,1.97,352.21,151.31,63.71,0.8971,-1,-1,-1
6,2,666.13,277.11,78.70,39.46,0.8591,-1,-1,-1
6,3,216.66,252.90,86.06,39.78,0.6747,-1,-1,-1
7,1,0.00,356.88,130.24,65.10,0.9013,-1,-1,-1
7,2,650.98,279.58,79.49,39.79,0.8553,-1,-1,-1
7,3,214.35,252.93,88.57,39.36,0.7470,-1,-1,-1
8,1,0.00,361.26,105.75,66.06,0.8354,-1,-1,-1
8,2,636.27,280.92,81.12,41.02,0.8749,-1,-1,-1
8,3,213.38,252.73,89.52,39.78,0.7050,-1,-1,-1
9,1,0.00,365.41,80.80,59.91,0.8599,-1,-1,-1
9,2,621.05,283.26,83.45,40.97,0.8649,-1,-1,-1
9,3,211.86,252.80,90.69,40.04,0.6905,-1,-1,-1
10,1,0.00,369.82,54.86,56.07,0.8181,-1,-1,-1
10,2,605.62,285.95,84.56,40.54,0.8669,-1,-1,-1
10,3,210.04,252.71,92.03,40.08,0.7238,-1,-1,-1
11,2,590.24,287.60,86.56,41.26,0.8580,-1,-1,-1
11,3,208.72,253.03,93.84,39.90,0.7318,-1,-1,-1
12,2,575.73,289.51,86.67,41.15,0.6931,-1,-1,-1
12,3,207.19,253.16,95.13,39.72,0.7023,-1,-1,-1
13,2,559.26,290.52,88.81,40.67,0.6646,-1,-1,-1
13,3,207.10,253.28,95.04,39.92,0.7026,-1,-1,-1
14,3,207.10,253.70,95.68,39.81,0.8124,-1,-1,-1
15,2,530.34,294.76,88.54,47.41,0.5440,-1,-1,-1
15,3,207.86,254.03,94.74,39.68,0.8305,-1,-1,-1
16,2,510.91,300.04,92.15,44.92,0.6951,-1,-1,-1
16,3,207.49,254.02,95.15,39.70,0.7803,-1,-1,-1
17,2,493.40,303.45,94.87,44.27,0.6708,-1,-1,-1
17,3,207.36,254.11,94.63,39.69,0.7661,-1,-1,-1
18,2,475.37,305.30,96.16,44.65,0.8185,-1,-1,-1
18,3,206.72,253.72,94.64,39.62,0.7298,-1,-1,-1
19,2,458.77,307.22,98.93,46.41,0.7952,-1,-1,-1
19,3,207.17,253.43,93.99,39.88,0.7793,-1,-1,-1
20,2,441.76,307.98,96.82,49.32,0.8290,-1,-1,-1
20,3,207.41,253.72,94.29,39.76,0.7509,-1,-1,-1
21,2,424.13,310.67,99.61,49.85,0.8616,-1,-1,-1
21,3,207.62,253.73,95.58,40.01,0.7608,-1,-1,-1
22,2,405.77,314.93,102.64,49.43,0.8563,-1,-1,-1
22,3,207.99,254.18,94.65,39.60,0.8097,-1,-1,-1
23,2,387.22,317.72,105.45,50.82,0.8488,-1,-1,-1
23,3,208.13,254.10,94.45,39.83,0.8284,-1,-1,-1
24,2,368.83,319.86,107.18,53.03,0.8928,-1,-1,-1
24,3,208.48,254.38,94.11,39.56,0.8246,-1,-1,-1
25,2,349.25,321.48,109.83,55.13,0.8475,-1,-1,-1
25,3,209.15,254.33,93.09,39.66,0.7690,-1,-1,-1
26,2,329.90,325.11,111.81,55.71,0.8548,-1,-1,-1
26,3,207.93,254.41,95.00,39.52,0.8086,-1,-1,-1
27,2,309.63,328.89,114.64,56.10,0.8821,-1,-1,-1
27,3,207.67,254.32,94.90,39.66,0.7719,-1,-1,-1
28,2,289.37,332.46,116.31,56.64,0.8947,-1,-1,-1
28,3,207.96,254.10,94.33,39.90,0.6949,-1,-1,-1
29,2,267.20,336.32,119.94,57.15,0.8751,-1,-1,-1
29,3,207.75,254.00,94.46,39.95,0.7576,-1,-1,-1
30,2,245.80,338.80,122.98,59.30,0.8986,-1,-1,-1
30,3,207.74,254.00,94.59,39.87,0.8124,-1,-1,-1
31,2,223.23,342.58,126.53,60.12,0.8851,-1,-1,-1
31,3,207.43,253.44,94.37,39.90,0.7818,-1,-1,-1
32,2,200.57,345.65,129.62,62.27,0.8840,-1,-1,-1
32,3,207.52,253.61,94.54,39.84,0.8054,-1,-1,-1
33,2,177.42,349.16,132.87,63.67,0.8882,-1,-1,-1
33,3,207.77,253.37,94.28,39.98,0.7995,-1,-1,-1
34,2,152.67,352.67,137.35,65.69,0.9229,-1,-1,-1
34,3,207.93,253.29,93.79,40.05,0.7284,-1,-1,-1
35,2,128.03,356.84,143.65,67.18,0.9206,-1,-1,-1
35,3,207.97,253.30,94.23,40.23,0.7492,-1,-1,-1
36,2,102.63,361.47,146.66,68.36,0.9172,-1,-1,-1
36,3,208.16,253.63,94.64,40.04,0.7868,-1,-1,-1
37,2,76.20,367.01,150.88,68.38,0.8733,-1,-1,-1
37,3,208.50,253.61,94.41,40.24,0.7260,-1,-1,-1
37,8,0.26,279.22,21.49,19.62,0.3199,-1,-1,-1
38,2,48.65,371.94,155.01,69.03,0.8456,-1,-1,-1
38,3,208.39,253.39,94.48,40.32,0.7507,-1,-1,-1
39,2,20.42,376.37,160.83,70.97,0.8868,-1,-1,-1
39,3,208.36,253.29,94.10,40.23,0.7512,-1,-1,-1
39,8,0.23,279.12,21.46,19.15,0.3112,-1,-1,-1
40,2,0.00,380.49,156.64,73.77,0.8211,-1,-1,-1
40,3,208.67,253.29,94.21,40.11,0.6815,-1,-1,-1
41,2,0.00,384.10,131.10,76.56,0.8963,-1,-1,-1
41,3,208.24,253.07,94.30,40.16,0.7463,-1,-1,-1
42,2,0.00,387.62,105.35,79.43,0.8502,-1,-1,-1
42,3,208.43,252.80,93.60,40.16,0.7891,-1,-1,-1
42,8,0.42,278.75,20.91,18.77,0.2830,-1,-1,-1
43,2,0.00,393.62,80.18,71.14,0.7896,-1,-1,-1
43,3,207.81,252.71,94.95,40.08,0.7751,-1,-1,-1
44,2,0.00,401.31,52.64,64.13,0.6664,-1,-1,-1
44,3,208.23,252.73,95.61,40.00,0.7540,-1,-1,-1
45,3,209.00,253.07,94.64,39.92,0.7261,-1,-1,-1
46,3,208.59,252.90,94.81,40.32,0.7885,-1,-1,-1
47,3,208.83,252.73,94.60,40.50,0.8055,-1,-1,-1
48,3,208.14,252.71,94.41,40.15,0.7878,-1,-1,-1
49,3,208.23,252.92,94.47,40.07,0.8019,-1,-1,-1
50,3,207.96,252.59,94.10,40.80,0.7565,-1,-1,-1
51,3,208.16,252.46,93.82,40.75,0.7503,-1,-1,-1
52,3,207.58,252.64,94.29,40.49,0.7327,-1,-1,-1
53,3,207.63,252.93,93.81,40.07,0.7562,-1,-1,-1
54,3,207.80,253.23,93.94,39.92,0.7735,-1,-1,-1
55,3,207.78,253.45,94.39,39.91,0.8007,-1,-1,-1
55,10,936.53,222.49,23.29,63.55,0.3486,-1,-1,-1
56,3,207.68,253.72,95.16,39.85,0.7725,-1,-1,-1
56,10,932.95,225.86,26.87,62.52,0.3494,-1,-1,-1
57,3,208.54,254.02,94.19,39.71,0.7920,-1,-1,-1
57,10,927.07,226.18,32.71,62.96,0.3321,-1,-1,-1
57,12,926.43,225.48,33.31,63.52,0.3844,-1,-1,-1
58,3,208.82,254.33,93.87,39.77,0.8358,-1,-1,-1
58,10,921.45,229.11,38.25,61.69,0.2737,-1,-1,-1
58,12,921.03,226.53,38.74,64.82,0.5245,-1,-1,-1
59,3,208.85,254.66,92.95,39.58,0.8425,-1,-1,-1
60,3,209.16,254.74,92.75,39.54,0.8569,-1,-1,-1
60,10,911.12,227.50,48.16,67.61,0.7917,-1,-1,-1
61,3,209.43,255.14,92.71,39.36,0.8482,-1,-1,-1
61,10,905.63,226.86,53.41,68.71,0.5807,-1,-1,-1
62,3,209.51,255.53,92.53,39.09,0.8324,-1,-1,-1
62,10,901.08,227.16,57.91,70.23,0.7288,-1,-1,-1
63,3,209.38,255.70,93.14,39.16,0.8110,-1,-1,-1
63,10,897.25,227.92,61.73,72.16,0.8141,-1,-1,-1
64,3,208.88,255.86,93.31,39.24,0.8254,-1,-1,-1
64,10,890.96,228.70,68.06,73.10,0.8850,-1,-1,-1
65,3,209.27,256.26,92.91,38.91,0.8381,-1,-1,-1
65,10,884.73,229.01,74.33,74.27,0.9071,-1,-1,-1
66,3,209.19,256.52,92.92,38.90,0.8150,-1,-1,-1
66,10,877.76,230.58,81.28,74.32,0.9075,-1,-1,-1
67,3,208.97,256.34,93.69,39.07,0.8632,-1,-1,-1
67,10,871.20,231.87,87.83,74.60,0.9036,-1,-1,-1
68,3,209.11,256.28,93.73,39.23,0.8349,-1,-1,-1
68,10,865.58,232.14,93.49,76.00,0.8811,-1,-1,-1
69,3,209.27,256.54,92.76,38.93,0.7818,-1,-1,-1
69,10,858.99,232.96,100.15,76.31,0.9077,-1,-1,-1
70,3,209.11,256.70,92.51,38.93,0.8070,-1,-1,-1
70,10,853.33,233.40,105.79,77.92,0.9019,-1,-1,-1
71,3,209.49,256.61,92.31,39.15,0.8123,-1,-1,-1
71,10,846.37,233.64,112.43,79.70,0.9051,-1,-1,-1
72,3,209.60,256.67,92.76,39.39,0.8014,-1,-1,-1
72,10,838.55,234.36,120.16,81.25,0.9135,-1,-1,-1
73,3,209.54,256.99,92.37,39.30,0.7889,-1,-1,-1
73,10,828.41,234.53,130.21,82.21,0.9014,-1,-1,-1
74,3,209.67,257.05,93.15,39.48,0.7767,-1,-1,-1
74,10,823.37,233.86,135.64,84.46,0.8751,-1,-1,-1
75,3,209.70,257.47,94.19,39.42,0.8042,-1,-1,-1
75,10,817.17,234.78,142.02,85.20,0.8545,-1,-1,-1
76,3,209.40,257.30,94.12,39.32,0.8126,-1,-1,-1
76,10,810.23,235.17,149.01,86.99,0.8710,-1,-1,-1
77,3,209.75,257.51,93.59,39.50,0.8052,-1,-1,-1
77,10,804.26,235.12,155.08,89.08,0.8315,-1,-1,-1
78,3,209.31,257.51,94.39,39.36,0.8354,-1,-1,-1
78,10,795.57,235.32,163.71,90.36,0.8803,-1,-1,-1
79,3,209.26,257.65,93.86,39.36,0.8107,-1,-1,-1
79,10,788.55,235.74,169.75,91.92,0.8828,-1,-1,-1
80,3,208.23,257.41,93.49,39.28,0.8160,-1,-1,-1
80,10,779.21,237.53,175.73,92.82,0.8578,-1,-1,-1
81,3,207.93,257.27,93.08,39.15,0.7955,-1,-1,-1
81,10,770.46,237.89,179.25,95.03,0.8815,-1,-1,-1
82,3,208.57,257.21,93.19,39.24,0.8095,-1,-1,-1
82,10,761.71,238.01,183.48,96.35,0.8764,-1,-1,-1
82,18,743.17,259.14,36.04,31.67,0.5053,-1,-1,-1
83,3,208.13,256.96,93.41,39.34,0.7837,-1,-1,-1
83,10,753.47,238.60,187.33,97.63,0.8672,-1,-1,-1
83,18,733.38,259.85,36.78,32.10,0.5091,-1,-1,-1
84,3,208.43,256.73,93.12,39.45,0.8058,-1,-1,-1
84,10,744.98,240.05,189.60,98.45,0.8560,-1,-1,-1
84,18,721.70,261.79,37.27,31.06,0.4395,-1,-1,-1
85,3,208.23,256.59,93.02,39.54,0.7724,-1,-1,-1
85,10,735.73,242.64,190.43,97.49,0.8384,-1,-1,-1
85,18,709.24,263.19,39.12,29.92,0.5157,-1,-1,-1
86,3,208.50,256.53,93.12,39.54,0.7526,-1,-1,-1
86,10,726.58,243.78,192.73,97.98,0.8904,-1,-1,-1
86,18,698.67,263.78,39.66,29.35,0.4976,-1,-1,-1
87,3,208.69,256.48,93.34,39.41,0.8344,-1,-1,-1
87,10,717.08,242.94,196.89,100.95,0.8734,-1,-1,-1
87,18,688.42,264.77,39.84,29.84,0.4162,-1,-1,-1
88,3,208.75,256.13,94.35,39.60,0.7753,-1,-1,-1
88,10,706.81,243.87,201.46,101.02,0.8609,-1,-1,-1
88,18,675.98,264.69,47.51,30.70,0.3695,-1,-1,-1
89,3,208.57,256.07,95.03,39.44,0.8066,-1,-1,-1
89,10,696.09,244.55,202.64,104.11,0.8944,-1,-1,-1
89,18,664.83,265.46,46.83,31.18,0.4525,-1,-1,-1
90,3,208.18,256.16,94.48,39.57,0.7949,-1,-1,-1
90,10,685.41,244.99,206.02,106.88,0.8746,-1,-1,-1
90,18,652.66,266.86,48.46,30.93,0.4005,-1,-1,-1
91,3,208.53,256.28,94.12,39.14,0.8123,-1,-1,-1
91,10,674.67,245.85,208.38,108.60,0.8727,-1,-1,-1
91,18,641.94,266.51,49.31,32.53,0.4284,-1,-1,-1
92,3,208.83,256.28,93.24,38.98,0.8297,-1,-1,-1
92,10,663.26,246.94,213.26,109.99,0.8805,-1,-1,-1
93,3,208.73,256.11,93.10,38.88,0.8013,-1,-1,-1
93,10,652.71,247.39,216.98,111.02,0.8561,-1,-1,-1
93,18,617.05,265.89,64.18,33.56,0.5249,-1,-1,-1
94,3,208.78,256.11,92.98,38.80,0.8090,-1,-1,-1
94,10,643.08,245.47,220.78,115.65,0.8842,-1,-1,-1
94,18,604.66,266.33,64.27,35.62,0.5440,-1,-1,-1
95,3,208.86,256.03,92.15,38.93,0.7922,-1,-1,-1
95,10,631.89,246.34,223.93,119.00,0.9040,-1,-1,-1
95,18,592.27,266.88,71.66,34.98,0.6636,-1,-1,-1
96,3,208.65,255.75,92.17,39.32,0.7757,-1,-1,-1
96,10,621.82,246.88,226.28,120.98,0.8954,-1,-1,-1
96,18,579.45,267.35,77.21,34.47,0.7527,-1,-1,-1
97,3,208.79,255.74,93.18,39.26,0.7732,-1,-1,-1
97,10,610.17,247.02,230.57,123.78,0.8943,-1,-1,-1
97,18,566.55,267.38,81.48,35.22,0.7979,-1,-1,-1
98,3,208.71,255.48,95.84,39.72,0.7667,-1,-1,-1
98,10,597.90,248.61,233.56,125.29,0.9038,-1,-1,-1
98,18,554.59,268.59,82.82,34.73,0.7166,-1,-1,-1
99,3,208.89,255.70,95.93,39.74,0.8080,-1,-1,-1
99,10,585.67,249.08,237.36,127.70,0.8882,-1,-1,-1
99,18,543.66,269.45,81.69,34.43,0.5575,-1,-1,-1
100,3,208.64,255.39,96.79,39.77,0.8014,-1,-1,-1
100,10,570.69,249.51,243.86,131.20,0.8832,-1,-1,-1
100,18,528.25,270.04,92.02,34.72,0.5275,-1,-1,-1
101,3,208.03,255.13,95.52,39.72,0.7969,-1,-1,-1
101,10,556.35,249.01,249.13,134.84,0.8754,-1,-1,-1
101,18,514.56,270.75,93.17,35.18,0.7461,-1,-1,-1
102,3,208.26,255.24,94.40,39.66,0.7744,-1,-1,-1
102,10,543.88,249.60,252.66,136.46,0.8898,-1,-1,-1
102,18,500.04,271.15,94.00,35.04,0.5894,-1,-1,-1
103,3,208.56,255.35,92.71,39.66,0.7156,-1,-1,-1
103,10,529.31,252.79,258.43,136.39,0.8827,-1,-1,-1
103,18,486.20,270.71,99.27,36.66,0.3735,-1,-1,-1
104,3,208.72,255.11,92.16,40.05,0.7013,-1,-1,-1
104,10,517.17,254.34,261.71,137.58,0.8973,-1,-1,-1
104,18,472.53,271.79,101.27,36.95,0.6076,-1,-1,-1
105,3,208.44,255.05,92.06,40.18,0.7495,-1,-1,-1
105,10,503.87,254.54,266.12,141.25,0.8991,-1,-1,-1
105,18,458.86,272.59,86.83,36.52,0.8939,-1,-1,-1
106,3,208.59,254.86,90.20,40.12,0.7522,-1,-1,-1
106,10,489.56,257.94,270.83,139.41,0.8957,-1,-1,-1
106,18,444.20,272.72,90.44,36.86,0.8656,-1,-1,-1
106,28,0.09,280.44,20.66,20.61,0.3685,-1,-1,-1
107,3,208.45,254.99,92.27,40.06,0.6853,-1,-1,-1
107,10,477.07,259.22,275.40,140.96,0.9049,-1,-1,-1
107,18,430.78,274.23,98.60,36.04,0.8143,-1,-1,-1
107,28,0.11,280.09,20.98,20.78,0.3525,-1,-1,-1
107,30,677.23,254.48,67.73,16.88,0.5200,-1,-1,-1
107,31,942.65,230.27,17.17,37.17,0.7190,-1,-1,-1
108,3,208.84,255.08,92.36,40.06,0.6632,-1,-1,-1
108,10,458.51,257.96,284.21,147.60,0.9033,-1,-1,-1
108,18,416.23,274.99,100.97,37.01,0.8450,-1,-1,-1
108,28,0.09,279.15,21.29,22.12,0.3395,-1,-1,-1
108,30,659.83,255.03,76.07,16.43,0.3367,-1,-1,-1
108,31,938.37,229.49,21.44,38.78,0.5144,-1,-1,-1
109,3,208.88,255.27,92.47,39.79,0.7058,-1,-1,-1
109,10,442.70,256.70,290.07,155.43,0.9153,-1,-1,-1
109,18,401.99,275.58,104.86,37.18,0.8401,-1,-1,-1
109,28,0.09,273.92,21.10,27.38,0.3218,-1,-1,-1
109,31,934.33,229.94,25.39,38.60,0.5604,-1,-1,-1
110,3,208.50,255.35,92.96,39.29,0.7519,-1,-1,-1
110,10,419.32,257.63,303.94,158.69,0.9316,-1,-1,-1
110,18,388.48,276.31,106.90,37.01,0.8637,-1,-1,-1
110,28,0.11,277.18,19.92,23.62,0.4577,-1,-1,-1
110,31,928.54,230.11,31.16,39.29,0.5616,-1,-1,-1
111,3,207.92,255.50,93.79,39.08,0.7799,-1,-1,-1
111,10,404.08,258.43,309.25,162.71,0.9306,-1,-1,-1
111,18,373.56,277.47,108.85,37.38,0.8673,-1,-1,-1
111,28,0.10,278.73,20.89,22.24,0.3054,-1,-1,-1
111,31,923.03,225.09,36.68,44.61,0.3104,-1,-1,-1
112,3,208.51,255.52,93.44,39.15,0.7902,-1,-1,-1
112,10,381.61,265.25,321.12,162.09,0.9088,-1,-1,-1
112,18,358.89,278.05,110.10,38.29,0.8514,-1,-1,-1
112,28,0.09,279.41,20.98,21.71,0.3263,-1,-1,-1
112,31,917.43,217.50,42.33,52.49,0.5826,-1,-1,-1
113,3,208.53,255.57,93.09,39.05,0.8221,-1,-1,-1
113,10,361.50,266.07,331.50,165.78,0.9176,-1,-1,-1
113,18,344.47,278.35,110.06,41.79,0.8306,-1,-1,-1
113,28,0.13,279.82,21.18,21.15,0.3637,-1,-1,-1
113,31,913.48,215.66,46.23,55.04,0.5777,-1,-1,-1
113,34,590.29,258.36,88.08,21.07,0.3822,-1,-1,-1
114,3,208.95,255.41,93.03,39.56,0.8261,-1,-1,-1
114,10,341.46,268.80,341.43,167.15,0.9057,-1,-1,-1
114,18,329.64,278.68,110.71,42.08,0.8467,-1,-1,-1
114,28,0.08,281.10,20.67,19.75,0.3654,-1,-1,-1
114,31,909.25,214.34,50.40,57.01,0.5617,-1,-1,-1
114,34,587.73,259.07,79.42,22.60,0.4374,-1,-1,-1
115,3,208.86,255.37,92.60,39.56,0.8292,-1,-1,-1
115,10,322.73,269.55,349.90,171.77,0.8669,-1,-1,-1
115,18,315.24,279.71,110.14,42.36,0.7910,-1,-1,-1
115,28,0.05,279.81,20.79,21.18,0.3262,-1,-1,-1
115,31,904.86,213.93,54.88,58.11,0.5276,-1,-1,-1
115,34,565.87,258.92,87.80,24.67,0.5639,-1,-1,-1
116,3,209.00,255.52,92.93,39.24,0.7800,-1,-1,-1
116,10,308.68,265.60,351.47,178.86,0.8910,-1,-1,-1
116,18,300.13,280.67,111.42,40.30,0.7148,-1,-1,-1
116,28,0.09,280.50,20.75,20.85,0.2524,-1,-1,-1
116,31,900.30,214.03,59.37,58.57,0.5920,-1,-1,-1
116,34,551.28,259.92,90.14,25.45,0.4489,-1,-1,-1
117,3,208.78,255.39,92.87,39.07,0.7707,-1,-1,-1
117,10,285.11,268.98,363.20,181.08,0.8807,-1,-1,-1
117,18,283.79,280.80,113.50,41.62,0.7603,-1,-1,-1
117,28,0.06,280.47,20.65,20.52,0.3802,-1,-1,-1
117,31,895.81,214.41,63.83,59.04,0.6769,-1,-1,-1
117,34,546.37,260.70,81.10,26.91,0.6198,-1,-1,-1
118,3,208.89,255.54,93.72,38.55,0.7852,-1,-1,-1
118,10,264.57,275.92,372.92,180.50,0.8898,-1,-1,-1
118,18,267.72,281.56,114.92,40.45,0.7710,-1,-1,-1
118,28,0.08,279.47,20.76,21.70,0.3507,-1,-1,-1
118,31,889.89,215.29,69.80,58.96,0.5946,-1,-1,-1
118,34,516.00,261.24,99.56,30.09,0.4880,-1,-1,-1
119,3,209.06,255.97,93.62,38.34,0.7599,-1,-1,-1
119,10,248.67,278.07,376.02,185.30,0.8864,-1,-1,-1
119,18,251.90,283.74,116.37,41.16,0.7340,-1,-1,-1
119,28,0.08,280.10,20.73,21.46,0.2837,-1,-1,-1
119,31,884.27,215.96,75.39,58.91,0.6777,-1,-1,-1
119,34,496.65,261.80,105.35,32.70,0.4815,-1,-1,-1
120,3,209.42,255.83,93.39,38.03,0.7471,-1,-1,-1
120,10,227.88,282.22,387.58,186.96,0.8769,-1,-1,-1
120,18,236.40,285.52,117.06,39.80,0.7894,-1,-1,-1
120,28,0.09,280.51,20.83,21.53,0.3022,-1,-1,-1
120,31,878.90,216.62,77.90,59.11,0.7837,-1,-1,-1
120,34,477.51,263.52,110.93,31.58,0.5353,-1,-1,-1
121,3,209.27,255.90,93.73,37.60,0.6835,-1,-1,-1
121,10,212.12,288.28,390.56,187.89,0.8917,-1,-1,-1
121,18,219.91,286.74,117.84,39.80,0.8340,-1,-1,-1
121,28,0.08,280.46,21.10,22.01,0.2842,-1,-1,-1
121,31,873.95,216.86,78.39,59.22,0.7226,-1,-1,-1
121,34,463.78,264.71,111.12,32.97,0.7030,-1,-1,-1
122,3,209.64,255.92,93.43,36.62,0.7737,-1,-1,-1
122,10,183.95,293.69,405.19,188.86,0.8913,-1,-1,-1
122,18,203.77,286.62,118.32,41.20,0.8221,-1,-1,-1
122,28,0.09,277.34,21.07,25.46,0.2630,-1,-1,-1
122,31,868.89,217.45,79.31,59.42,0.7314,-1,-1,-1
122,34,448.97,265.37,98.05,35.51,0.8090,-1,-1,-1
123,3,209.83,256.28,93.51,37.00,0.7851,-1,-1,-1
123,10,158.43,296.52,416.52,192.49,0.9025,-1,-1,-1
123,18,186.19,286.57,119.76,43.01,0.8365,-1,-1,-1
123,31,862.05,217.82,81.20,59.74,0.7570,-1,-1,-1
123,34,434.47,265.72,101.50,37.93,0.8667,-1,-1,-1
124,3,209.21,256.17,93.59,38.42,0.8243,-1,-1,-1
124,10,137.04,299.31,424.24,196.79,0.9051,-1,-1,-1
124,18,168.79,287.41,120.85,44.42,0.8440,-1,-1,-1
124,31,856.59,218.40,80.90,59.97,0.6905,-1,-1,-1
124,34,421.04,266.34,108.41,40.23,0.8667,-1,-1,-1
124,37,373.33,254.50,16.37,15.39,0.2707,-1,-1,-1
125,3,208.90,256.10,93.54,39.12,0.8169,-1,-1,-1
125,10,112.47,300.79,434.60,201.93,0.9054,-1,-1,-1
125,18,152.35,289.42,121.96,44.39,0.8623,-1,-1,-1
125,31,852.00,218.78,80.49,60.07,0.7991,-1,-1,-1
125,34,406.64,267.03,112.31,42.73,0.8864,-1,-1,-1
126,3,209.10,255.97,93.00,39.31,0.7774,-1,-1,-1
126,10,80.22,303.05,452.75,206.08,0.8956,-1,-1,-1
126,18,133.86,290.58,124.30,45.52,0.8841,-1,-1,-1
126,28,0.20,267.87,20.57,35.95,0.2990,-1,-1,-1
126,31,845.03,218.77,82.53,60.97,0.6833,-1,-1,-1
126,34,390.90,268.03,114.75,44.05,0.8732,-1,-1,-1
127,3,209.90,256.20,92.02,39.23,0.7715,-1,-1,-1
127,10,47.96,306.02,471.31,210.80,0.9117,-1,-1,-1
127,18,116.38,292.20,125.39,45.60,0.9116,-1,-1,-1
127,31,839.04,218.97,84.40,61.22,0.5694,-1,-1,-1
127,34,376.84,268.65,116.16,46.22,0.8799,-1,-1,-1
128,3,210.22,256.60,91.91,39.21,0.6353,-1,-1,-1
128,10,23.10,308.06,482.99,219.29,0.9106,-1,-1,-1
128,18,98.53,293.76,126.77,45.91,0.8927,-1,-1,-1
128,31,832.29,219.32,85.62,61.44,0.5344,-1,-1,-1
128,34,362.12,269.01,117.68,46.71,0.8523,-1,-1,-1
129,3,209.96,256.62,91.98,39.34,0.6431,-1,-1,-1
129,10,1.16,309.84,490.06,226.55,0.8978,-1,-1,-1
129,18,80.61,294.78,128.56,46.35,0.8844,-1,-1,-1
129,31,825.88,219.47,86.78,62.18,0.6032,-1,-1,-1
129,34,346.62,269.78,119.50,48.74,0.8650,-1,-1,-1
130,3,213.83,256.49,87.98,39.39,0.5013,-1,-1,-1
130,10,0.00,311.81,474.99,228.19,0.8951,-1,-1,-1
130,18,61.51,296.75,130.30,46.38,0.8774,-1,-1,-1
130,31,819.44,219.94,87.70,62.39,0.7596,-1,-1,-1
130,34,331.52,270.56,122.44,49.97,0.8757,-1,-1,-1
131,3,227.22,256.82,74.89,38.88,0.6626,-1,-1,-1
131,10,0.00,313.48,460.47,226.52,0.9105,-1,-1,-1
131,18,42.05,298.86,132.58,45.77,0.8684,-1,-1,-1
131,31,814.30,220.46,87.89,62.96,0.8269,-1,-1,-1
131,34,316.99,272.03,122.61,49.52,0.8395,-1,-1,-1
132,3,232.82,256.86,69.03,38.91,0.6001,-1,-1,-1
132,10,0.00,317.00,442.97,223.00,0.8971,-1,-1,-1
132,18,23.24,300.85,133.84,46.76,0.8756,-1,-1,-1
132,31,807.08,221.01,89.01,63.44,0.7310,-1,-1,-1
132,34,301.47,272.62,123.29,50.03,0.8143,-1,-1,-1
133,3,224.75,256.90,76.88,38.95,0.6063,-1,-1,-1
133,10,0.00,321.02,425.54,218.98,0.9185,-1,-1,-1
133,18,4.43,302.62,134.70,47.11,0.8900,-1,-1,-1
133,31,801.13,221.64,89.75,63.76,0.8040,-1,-1,-1
133,34,285.19,273.16,124.89,49.76,0.7983,-1,-1,-1
134,3,216.53,257.05,85.01,38.81,0.6350,-1,-1,-1
134,10,0.00,324.23,410.11,215.77,0.9275,-1,-1,-1
134,18,0.00,303.71,120.54,48.02,0.8750,-1,-1,-1
134,31,794.51,222.17,89.70,63.84,0.8079,-1,-1,-1
134,34,269.87,274.46,125.04,51.29,0.8651,-1,-1,-1
135,3,222.56,257.23,79.24,37.89,0.7046,-1,-1,-1
135,10,0.00,329.26,391.27,210.74,0.9433,-1,-1,-1
135,18,0.00,306.06,102.63,48.15,0.8839,-1,-1,-1
135,31,786.10,222.54,92.14,63.97,0.7293,-1,-1,-1
135,34,253.78,275.76,126.00,48.49,0.8417,-1,-1,-1
136,3,225.96,257.10,74.42,36.30,0.7449,-1,-1,-1
136,10,0.00,332.03,374.54,207.97,0.9361,-1,-1,-1
136,18,0.00,306.58,84.26,48.87,0.8829,-1,-1,-1
136,31,779.43,223.05,92.38,64.31,0.7552,-1,-1,-1
136,34,236.82,277.09,127.18,48.12,0.8334,-1,-1,-1
136,39,695.95,517.35,115.22,22.65,0.4738,-1,-1,-1
137,3,221.55,257.08,77.86,36.40,0.6902,-1,-1,-1
137,10,0.00,336.53,355.55,203.47,0.9487,-1,-1,-1
137,18,0.00,309.28,66.29,45.06,0.8762,-1,-1,-1
137,31,771.40,223.49,94.60,64.52,0.7617,-1,-1,-1
137,34,220.52,277.85,128.75,49.50,0.8573,-1,-1,-1
137,37,375.73,255.70,15.04,14.69,0.2685,-1,-1,-1
137,39,703.41,512.33,125.34,27.67,0.4590,-1,-1,-1
138,3,221.82,256.97,76.99,35.49,0.7040,-1,-1,-1
138,10,0.00,339.36,335.72,200.64,0.9462,-1,-1,-1
138,18,0.00,312.51,47.56,41.60,0.8160,-1,-1,-1
138,31,764.51,223.83,95.62,64.98,0.7688,-1,-1,-1
138,34,203.49,278.57,130.98,50.51,0.8351,-1,-1,-1
138,39,710.03,506.62,132.51,33.38,0.5296,-1,-1,-1
139,3,222.46,256.64,76.84,29.76,0.5650,-1,-1,-1
139,10,0.00,342.81,316.03,197.19,0.9231,-1,-1,-1
139,18,0.00,314.41,28.47,40.75,0.6930,-1,-1,-1
139,31,757.15,224.30,96.53,65.37,0.7154,-1,-1,-1
139,34,188.06,279.22,131.95,51.22,0.8100,-1,-1,-1
139,37,375.83,255.88,14.19,14.18,0.2607,-1,-1,-1
139,39,715.47,499.88,138.93,40.12,0.6764,-1,-1,-1
140,3,225.09,256.87,76.27,30.00,0.6727,-1,-1,-1
140,10,0.00,346.13,294.74,192.87,0.9140,-1,-1,-1
140,31,750.69,225.25,96.53,65.07,0.6697,-1,-1,-1
140,34,170.89,279.55,133.04,52.93,0.8743,-1,-1,-1
140,37,374.98,255.66,15.63,14.05,0.3757,-1,-1,-1
140,39,723.55,494.26,139.62,45.74,0.6657,-1,-1,-1
141,3,225.76,256.97,76.00,35.71,0.8045,-1,-1,-1
141,10,0.00,351.24,273.85,187.70,0.9276,-1,-1,-1
141,31,743.40,225.66,97.00,65.53,0.7227,-1,-1,-1
141,34,154.04,280.48,134.33,54.32,0.8524,-1,-1,-1
141,37,374.23,255.97,16.52,14.13,0.3370,-1,-1,-1
141,39,732.70,487.80,139.10,52.20,0.7462,-1,-1,-1
142,3,217.79,257.08,84.02,38.27,0.7734,-1,-1,-1
142,10,0.00,354.76,251.99,184.89,0.9168,-1,-1,-1
142,31,736.20,226.39,97.98,65.26,0.7337,-1,-1,-1
142,34,136.40,281.82,135.80,55.10,0.8848,-1,-1,-1
142,39,742.13,482.15,137.45,57.85,0.7887,-1,-1,-1
143,3,213.75,257.09,88.14,39.08,0.7535,-1,-1,-1
143,10,0.00,358.65,231.37,181.35,0.9061,-1,-1,-1
143,31,727.73,227.04,99.89,65.43,0.8665,-1,-1,-1
143,34,118.84,282.87,136.94,55.85,0.8857,-1,-1,-1
143,39,752.81,476.65,134.65,63.35,0.7960,-1,-1,-1
144,3,211.23,257.14,90.67,39.31,0.7066,-1,-1,-1
144,10,0.00,362.70,207.09,176.69,0.9360,-1,-1,-1
144,31,718.79,227.65,101.39,65.45,0.7948,-1,-1,-1
144,34,101.70,283.25,137.78,57.15,0.9059,-1,-1,-1
144,39,763.24,471.66,132.09,68.34,0.8733,-1,-1,-1
145,3,209.53,257.13,92.47,39.32,0.7804,-1,-1,-1
145,10,0.00,366.65,183.78,173.35,0.9246,-1,-1,-1
145,31,709.87,227.64,104.14,66.07,0.7841,-1,-1,-1
145,34,82.81,283.95,140.84,57.80,0.8899,-1,-1,-1
145,39,774.59,467.01,128.24,72.99,0.8816,-1,-1,-1
146,3,207.56,257.04,94.63,39.49,0.7612,-1,-1,-1
146,10,0.00,371.85,159.06,167.96,0.9030,-1,-1,-1
146,31,700.98,227.53,106.07,66.77,0.8286,-1,-1,-1
146,34,64.51,284.62,142.91,59.20,0.9097,-1,-1,-1
146,39,784.60,461.49,125.73,78.51,0.8982,-1,-1,-1
147,3,207.93,256.91,93.88,39.56,0.8010,-1,-1,-1
147,10,0.00,375.07,133.90,164.93,0.8891,-1,-1,-1
147,31,692.82,227.82,111.54,67.13,0.8377,-1,-1,-1
147,34,46.35,286.17,143.75,59.08,0.8737,-1,-1,-1
147,39,794.44,456.45,122.80,83.50,0.9403,-1,-1,-1
148,3,208.25,257.02,94.03,39.52,0.7593,-1,-1,-1
148,10,0.00,378.06,107.10,161.94,0.8056,-1,-1,-1
148,31,685.35,228.25,108.84,67.84,0.8534,-1,-1,-1
148,34,28.55,287.51,143.75,60.18,0.9058,-1,-1,-1
148,39,804.11,451.93,120.57,86.07,0.9234,-1,-1,-1
149,3,208.87,257.44,94.23,38.90,0.7889,-1,-1,-1
149,10,0.09,386.78,81.73,152.33,0.7330,-1,-1,-1
149,31,676.82,228.39,108.22,68.17,0.8061,-1,-1,-1
149,34,10.41,288.55,144.65,61.38,0.9018,-1,-1,-1
149,39,812.89,447.27,118.62,86.36,0.9153,-1,-1,-1
150,3,209.48,257.59,94.44,39.18,0.7960,-1,-1,-1
150,31,669.33,228.22,107.13,68.86,0.8412,-1,-1,-1
150,34,0.00,290.89,139.44,60.53,0.9016,-1,-1,-1
150,39,822.33,442.78,116.14,86.15,0.8868,-1,-1,-1
151,3,209.23,257.48,93.67,39.07,0.8107,-1,-1,-1
151,31,659.56,228.59,108.63,69.08,0.8367,-1,-1,-1
151,34,0.00,292.64,120.83,60.44,0.9022,-1,-1,-1
151,37,375.30,256.07,15.03,13.88,0.3039,-1,-1,-1
151,39,829.27,438.86,115.01,85.06,0.8851,-1,-1,-1
152,3,209.41,257.49,93.15,39.31,0.7703,-1,-1,-1
152,31,649.21,229.05,110.86,69.43,0.7671,-1,-1,-1
152,34,0.00,294.10,103.85,61.32,0.8861,-1,-1,-1
152,39,837.74,434.70,112.46,83.55,0.8749,-1,-1,-1
153,3,209.36,257.60,94.05,39.31,0.7559,-1,-1,-1
153,31,640.44,229.56,111.70,69.82,0.7885,-1,-1,-1
153,34,0.00,295.44,86.01,58.02,0.8530,-1,-1,-1
153,39,845.88,430.73,109.73,82.01,0.8998,-1,-1,-1
154,3,209.45,257.58,93.99,39.48,0.7422,-1,-1,-1
154,31,630.96,230.19,112.77,69.78,0.7890,-1,-1,-1
154,34,0.00,296.52,69.36,56.77,0.8675,-1,-1,-1
154,39,853.52,425.79,106.48,80.41,0.9097,-1,-1,-1
155,3,209.47,257.76,94.16,39.63,0.7622,-1,-1,-1
155,31,620.70,230.74,115.13,69.91,0.8284,-1,-1,-1
155,34,0.00,299.41,50.24,54.46,0.8595,-1,-1,-1
155,37,375.31,256.78,15.53,14.46,0.2629,-1,-1,-1
155,39,860.77,421.97,99.23,78.63,0.8840,-1,-1,-1
156,3,210.00,258.08,94.10,39.52,0.7531,-1,-1,-1
156,31,610.80,231.26,116.59,70.11,0.7919,-1,-1,-1
156,34,0.00,301.81,31.28,54.47,0.7062,-1,-1,-1
156,37,374.96,256.96,16.37,14.22,0.3039,-1,-1,-1
156,39,868.78,418.42,91.22,77.19,0.8869,-1,-1,-1
157,3,210.03,258.22,93.99,39.47,0.8060,-1,-1,-1
157,31,601.18,232.07,120.43,70.20,0.7208,-1,-1,-1
157,34,0.00,304.66,11.91,46.50,0.5791,-1,-1,-1
157,39,875.59,415.02,84.41,75.22,0.8774,-1,-1,-1
158,3,210.21,258.51,94.21,39.49,0.8047,-1,-1,-1
158,31,592.00,232.51,119.44,70.76,0.8298,-1,-1,-1
158,39,882.39,411.43,77.61,73.52,0.8823,-1,-1,-1
159,3,209.80,258.26,93.99,39.50,0.8149,-1,-1,-1
159,31,581.62,233.04,120.48,71.05,0.6457,-1,-1,-1
159,39,888.41,408.73,71.59,72.02,0.8770,-1,-1,-1
160,3,209.35,258.35,93.88,39.35,0.8183,-1,-1,-1
160,31,570.68,233.44,121.34,70.98,0.6564,-1,-1,-1
160,39,894.49,404.98,65.51,70.57,0.8546,-1,-1,-1
161,3,209.50,258.30,93.55,39.53,0.8385,-1,-1,-1
161,31,560.33,233.74,122.54,71.71,0.6926,-1,-1,-1
161,39,900.84,401.72,59.16,69.75,0.8649,-1,-1,-1
162,3,209.52,258.51,93.70,39.43,0.8371,-1,-1,-1
162,31,550.35,234.04,122.87,71.79,0.5241,-1,-1,-1
162,39,907.37,398.97,52.63,67.10,0.8764,-1,-1,-1
162,45,0.29,285.30,20.92,19.23,0.2646,-1,-1,-1
163,3,209.66,258.60,93.55,39.45,0.8430,-1,-1,-1
163,31,543.51,234.52,119.90,72.14,0.5855,-1,-1,-1
163,39,913.21,395.72,46.79,66.15,0.8497,-1,-1,-1
164,3,208.95,258.59,94.22,39.66,0.8380,-1,-1,-1
164,31,530.23,234.64,123.75,73.04,0.4630,-1,-1,-1
164,39,918.32,392.92,41.68,64.72,0.8374,-1,-1,-1
164,45,0.11,285.09,20.95,19.67,0.3031,-1,-1,-1
165,3,208.90,258.64,93.96,39.64,0.8318,-1,-1,-1
165,31,518.34,235.67,125.85,71.75,0.5093,-1,-1,-1
165,39,924.57,390.00,35.43,63.80,0.8446,-1,-1,-1
165,47,518.67,235.32,126.62,72.05,0.4845,-1,-1,-1
166,3,208.48,258.85,94.55,39.43,0.8346,-1,-1,-1
166,31,505.16,235.06,128.54,74.17,0.3651,-1,-1,-1
166,39,929.94,386.14,30.05,62.98,0.7991,-1,-1,-1
166,45,0.10,285.33,20.66,19.39,0.2629,-1,-1,-1
166,47,507.39,234.99,128.31,74.50,0.4724,-1,-1,-1
167,3,208.16,258.63,94.35,39.44,0.8187,-1,-1,-1
167,31,494.82,234.37,128.72,75.70,0.4904,-1,-1,-1
167,39,934.28,383.21,25.68,62.71,0.7329,-1,-1,-1
167,45,0.13,284.87,20.03,19.88,0.3788,-1,-1,-1
167,47,496.53,234.05,128.15,75.88,0.3491,-1,-1,-1
168,3,207.60,258.55,94.74,39.45,0.7943,-1,-1,-1
168,39,940.11,382.35,19.83,59.51,0.7573,-1,-1,-1
168,45,0.07,283.42,20.07,21.19,0.3507,-1,-1,-1
169,3,208.29,258.57,93.88,39.47,0.8236,-1,-1,-1
169,31,472.71,233.87,130.29,78.36,0.7195,-1,-1,-1
169,39,945.68,385.58,14.14,52.55,0.6715,-1,-1,-1
169,45,0.07,284.07,20.33,20.65,0.3620,-1,-1,-1
170,3,208.35,258.62,94.00,39.32,0.8116,-1,-1,-1
170,31,461.05,233.41,131.51,79.79,0.7285,-1,-1,-1
170,45,0.08,284.68,20.44,20.11,0.4064,-1,-1,-1
171,3,208.37,258.47,93.88,39.46,0.7981,-1,-1,-1
171,31,449.42,234.82,131.34,78.98,0.7332,-1,-1,-1
171,45,0.11,285.00,20.16,19.56,0.2546,-1,-1,-1
172,3,208.14,258.43,93.71,39.19,0.7898,-1,-1,-1
172,31,437.37,236.54,133.95,77.70,0.6173,-1,-1,-1
173,3,208.02,258.64,93.18,38.92,0.7942,-1,-1,-1
173,31,425.32,238.26,135.14,76.14,0.6916,-1,-1,-1
174,3,207.97,258.79,93.55,38.87,0.8016,-1,-1,-1
174,31,414.45,239.09,139.54,76.60,0.6600,-1,-1,-1
174,45,0.05,284.59,19.81,20.11,0.3687,-1,-1,-1
175,3,208.02,258.45,93.66,39.22,0.8171,-1,-1,-1
175,31,403.41,239.71,147.90,77.39,0.6361,-1,-1,-1
175,45,0.03,284.73,19.70,19.94,0.3252,-1,-1,-1
176,3,207.89,258.16,93.85,39.29,0.8008,-1,-1,-1
176,31,391.98,240.24,140.86,77.35,0.7305,-1,-1,-1
177,3,208.32,258.25,93.47,39.10,0.8256,-1,-1,-1
177,31,381.61,240.45,137.41,78.15,0.6828,-1,-1,-1
177,45,0.02,283.94,19.59,20.70,0.3236,-1,-1,-1
178,3,208.65,258.16,93.31,39.30,0.8476,-1,-1,-1
178,31,369.67,240.91,138.41,78.68,0.6967,-1,-1,-1
178,45,0.14,284.78,19.96,19.86,0.3129,-1,-1,-1
179,3,208.65,257.85,93.61,39.59,0.7958,-1,-1,-1
179,31,357.38,241.15,138.80,79.79,0.7562,-1,-1,-1
180,3,207.90,257.39,93.74,39.75,0.8168,-1,-1,-1
180,31,345.98,241.52,138.36,77.87,0.7534,-1,-1,-1
181,3,208.05,257.23,92.94,39.71,0.8168,-1,-1,-1
181,31,334.13,240.99,139.10,79.57,0.7434,-1,-1,-1
182,3,207.96,256.89,93.02,39.86,0.7456,-1,-1,-1
182,31,322.35,240.60,140.05,79.23,0.7797,-1,-1,-1
183,3,208.55,256.87,92.66,39.72,0.7856,-1,-1,-1
183,31,310.50,241.29,141.08,77.11,0.7890,-1,-1,-1
183,45,0.14,283.18,19.86,19.83,0.2958,-1,-1,-1
184,3,209.50,257.02,93.60,39.48,0.7844,-1,-1,-1
184,31,297.93,241.45,143.46,77.56,0.8014,-1,-1,-1
185,3,210.45,257.64,90.59,39.21,0.7636,-1,-1,-1
185,31,288.19,242.99,142.69,76.29,0.7465,-1,-1,-1
186,3,211.05,257.94,88.27,39.11,0.7983,-1,-1,-1
186,31,276.05,244.20,143.75,74.95,0.6634,-1,-1,-1
187,3,210.72,258.01,86.44,37.60,0.7847,-1,-1,-1
187,31,264.74,245.18,144.33,75.53,0.7607,-1,-1,-1
188,3,210.61,257.88,91.18,36.96,0.6178,-1,-1,-1
188,31,254.17,245.65,143.97,75.95,0.7024,-1,-1,-1
189,3,210.29,257.76,77.56,37.31,0.7767,-1,-1,-1
189,31,241.64,245.73,147.84,77.80,0.6335,-1,-1,-1
190,3,209.84,257.59,62.08,36.45,0.4998,-1,-1,-1
190,31,226.63,246.70,149.94,77.91,0.5261,-1,-1,-1
